1.8
1.8
2.8
4.5
4.2
3.8
2.8
4.2
1.9
-3.5
-3.5
-4.5
-3.9
-4.5
-3.5
3.8
3.8
3.8
2.5
1.8
4.2
1.8
4.5
1.8
4.2
1.8
4.5
1.8
4.5
1.8
-3.5
-3.5
-3.9
-3.9
3.8
4.2
4.5
4.2
3.8
2.8
1.8
2.5
4.2
3.8
4.2
-3.5
-3.5
-3.5
-3.9
-3.5
1.8
4.5
4.5
4.2
-3.5
-1.6
-3.5
-3.9
-4.5
-3.9
-1.3
4.2
4.2
2.5
2.8
-3.5
-1.6
-3.5
-3.5
2.5
3.8
4.2
4.5
4.5
2.8
4.5
-1.3
-4.5
-3.9
-3.5
-3.5
-3.5
-1.6
-3.5
-3.9
-3.5
-3.5
-1.6
-4.5
-3.5
3.8
4.2
1.8
1.8
1.8
3.8
1.8
1.9
3.8
4.2
3.8
1.8
1.9
4.2
2.5
2.8
1.9
3.8
1.8
4.5
2.8
4.5
3.8
4.2
-3.5
-4.5
-3.5
-3.9
-3.9
-3.9
-3.5
-3.5
-1.3
-3.9
-3.5
-3.5
-1.6
-3.5
-1.3
-3.5
-4.5
-3.9
-3.9
-1.6
-1.6
-3.5
-3.5
-1.6
-1.3
-4.5
-1.3
4.2
1.9
4.2
1.8
3.8
4.2
4.5
2.8
1.9
-1.3
-1.6
-3.5
-3.9
-3.9
-1.6
-3.9
-3.9
-1.3
-3.5
-3.5
-1.6
1.9
1.8
4.2
1.9
1.8
3.8
1.8
1.8
4.2
3.8
4.5
4.2
-1.6
-3.5
-3.2
-3.5
-4.5
4.5
4.5
3.8
-1.6
-3.5
-3.5
-1.3
-3.5
-3.9
-3.2
