P36238 -1 6 0.7846153846153846 
O07347 -1 8 0.2608695652173913 
P45066 -1 6 0.25316455696202533 
Q01786 -1 6 0.3415841584158416 
P05725 -1 6 0.5679012345679012 
P80561 -1 6 0.35294117647058826 
P21874 -1 6 0.28484848484848485 
A6XNC6 -1 6 0.37755102040816324 
P43529 -1 6 0.8070175438596491 
P0C1A2 -1 6 0.6335403726708074 
P04067 -1 6 0.40298507462686567 
Q2FV22 -1 6 0.28125 
P9WKD3 -1 6 0.3584905660377358 
P80372 -1 8 0.4830508474576271 
P07030 -1 6 0.8674698795180723 
Q9YIC2 -1 6 0.8245614035087719 
P30920 -1 6 0.2783171521035599 
P9WGM3 -1 8 0.46846846846846846 
O58456 -1 6 0.375 
Q70626 -1 8 0.1930232558139535 
P07062 -1 6 0.27722772277227725 
P03474 -1 6 0.2903225806451613 
P05046 -1 6 0.3787878787878788 
Q5SI28 -1 8 0.20220588235294118 
P22983 1 6 0.18705035971223022 
Q9WY54 -1 6 0.30726256983240224 
P9WK16 -1 8 0.1807909604519774 
P9WQG7 -1 8 0.49019607843137253 
P17998 -1 8 0.29393939393939394 
Q94734 -1 6 0.5865384615384616 
P00889 -1 6 0.2916666666666667 
Q9RVD6 -1 8 0.28654970760233917 
P40859 -1 6 0.28640776699029125 
P83793 -1 6 0.34554973821989526 
Q9SE42 -1 6 0.5673076923076923 
P43379 -1 6 0.29245283018867924 
P81238 -1 6 0.8035714285714286 
Q980A5 -1 8 0.27040816326530615 
Q84FH6 -1 8 0.7049180327868853 
Q5SJH5 -1 8 0.6486486486486487 
Q9WZC3 -1 8 0.8135593220338984 
P18187 -1 8 0.375 
P44688 -1 6 0.3644859813084112 
P31800 -1 6 0.3105022831050228 
P27989 -1 8 0.2185792349726776 
Q9HUM0 -1 8 0.725 
Q966X9 -1 6 0.7021276595744681 
P06654 -1 6 0.3876651982378855 
Q97R46 -1 8 0.29245283018867924 
P27907 -1 6 0.37104072398190047 
P27038 -1 6 0.22916666666666666 
Q07785 -1 8 0.38311688311688313 
P9WHN7 -1 8 0.4175824175824176 
P12944 -1 6 0.36764705882352944 
