labels -1 1
1 0.486011 0.513989
1 0.486221 0.513779
1 0.487242 0.512758
-1 0.5 0.5
-1 0.5 0.5
1 0.483421 0.516579
-1 0.5 0.5
1 0.47145 0.52855
1 0.491901 0.508099
1 0.475579 0.524421
1 0.440337 0.559663
1 0.478728 0.521272
1 0.455049 0.544951
1 0.489818 0.510182
1 0.484402 0.515598
-1 0.5 0.5
1 0.481277 0.518723
1 0.428977 0.571023
-1 0.5 0.5
1 0.484551 0.515449
-1 0.5 0.5
-1 0.5 0.5
1 0.488671 0.511329
1 0.487664 0.512336
1 0.469228 0.530772
1 0.466004 0.533996
1 0.484064 0.515936
1 0.461338 0.538662
1 0.478727 0.521273
1 0.489968 0.510032
1 0.42077 0.57923
-1 0.5 0.5
1 0.482503 0.517497
1 0.463231 0.536769
1 0.460036 0.539964
-1 0.5 0.5
1 0.490269 0.509731
-1 0.5 0.5
1 0.492893 0.507107
1 0.491208 0.508792
1 0.485057 0.514943
1 0.491635 0.508365
1 0.469117 0.530883
1 0.49333 0.50667
1 0.493122 0.506878
1 0.470257 0.529743
1 0.490978 0.509022
1 0.471079 0.528921
-1 0.5 0.5
1 0.464484 0.535516
1 0.487215 0.512785
1 0.491797 0.508203
-1 0.5 0.5
-1 0.5 0.5
1 0.478511 0.521489
-1 0.5 0.5
1 0.483751 0.516249
1 0.485359 0.514641
1 0.41891 0.58109
1 0.488833 0.511167
1 0.484498 0.515502
-1 0.5 0.5
1 0.478507 0.521493
1 0.488848 0.511152
1 0.48231 0.51769
1 0.476041 0.523959
1 0.488813 0.511187
1 0.482042 0.517958
-1 0.5 0.5
-1 0.5 0.5
-1 0.5 0.5
1 0.437089 0.562911
1 0.477392 0.522608
1 0.483711 0.516289
-1 0.5 0.5
1 0.489547 0.510453
1 0.472911 0.527089
1 0.477261 0.522739
1 0.492562 0.507438
-1 0.5 0.5
-1 0.5 0.5
-1 0.5 0.5
1 0.46211 0.53789
-1 0.5 0.5
1 0.491724 0.508276
-1 0.5 0.5
1 0.482178 0.517822
1 0.462299 0.537701
1 0.482824 0.517176
1 0.444051 0.555949
1 0.468228 0.531772
-1 0.505516 0.494484
-1 0.505083 0.494917
1 0.487025 0.512975
1 0.473227 0.526773
-1 0.5 0.5
1 0.474098 0.525902
1 0.489551 0.510449
1 0.492714 0.507286
1 0.485532 0.514468
